prime,diff_binary_slow_scale_slow,diff_binary_slow_binary_fast,diff_binary_slow_scale_fast,diff_binary_slow_mean_g_score,diff_scale_slow_binary_fast,diff_scale_slow_scale_fast,diff_scale_slow_mean_g_score,diff_binary_fast_scale_fast,diff_binary_fast_mean_g_score,diff_scale_fast_mean_g_score
p1,74,84,119,186,10,45,112,35,102,67
p10,18,-41,-21,38,-59,-39,20,20,79,59
p100,13,28,21,-18,15,8,-31,-7,-46,-39
p101,12,14,23,52,2,11,40,9,38,29
p102,-4,29,5,42,33,9,46,-24,13,37
p103,7,-3,5,-17,-10,-2,-24,8,-14,-22
p104,17,-26,9,-14,-43,-8,-31,35,12,-23
p105,5,-6,-2,-1,-11,-7,-6,4,5,1
p106,6,18,7,7,12,1,1,-11,-11,0
p107,-1,-26,5,-41,-25,6,-40,31,-15,-46
p108,-10,7,8,50,17,18,60,1,43,42
p109,-12,-17,-7,25,-5,5,37,10,42,32
p11,-8,41,15,-23,49,23,-15,-26,-64,-38
p110,-19,6,-6,-15,25,13,4,-12,-21,-9
p111,2,-4,-5,182,-6,-7,180,-1,186,187
p112,-1,56,53,36,57,54,37,-3,-20,-17
p113,34,31,55,32,-3,21,-2,24,1,-23
p114,-6,27,40,53,33,46,59,13,26,13
p115,-10,23,23,4,33,33,14,0,-19,-19
p116,-16,61,111,27,77,127,43,50,-34,-84
p117,7,-47,-24,-17,-54,-31,-24,23,30,7
p118,28,82,71,10,54,43,-18,-11,-72,-61
p119,43,16,45,-154,-27,2,-197,29,-170,-199
p12,8,18,28,153,10,20,145,10,135,125
p120,20,44,54,-64,24,34,-84,10,-108,-118
p121,-4,19,-2,-15,23,2,-11,-21,-34,-13
p122,-2,-19,-1,-104,-17,1,-102,18,-85,-103
p123,-18,-10,-21,-95,8,-3,-77,-11,-85,-74
p124,-7,7,-11,37,14,-4,44,-18,30,48
p125,11,3,14,-16,-8,3,-27,11,-19,-30
p126,12,13,13,10,1,1,-2,0,-3,-3
p127,-5,71,9,58,76,14,63,-62,-13,49
p128,4,13,1,67,9,-3,63,-12,54,66
p129,41,74,81,125,33,40,84,7,51,44
p13,-18,2,-12,102,20,6,120,-14,100,114
p130,7,-55,-14,-88,-62,-21,-95,41,-33,-74
p131,-17,51,13,-14,68,30,3,-38,-65,-27
p132,-1,46,-18,-123,47,-17,-122,-64,-169,-105
p133,32,8,22,294,-24,-10,262,14,286,272
p134,2,43,49,76,41,47,74,6,33,27
p135,4,-27,6,-56,-31,2,-60,33,-29,-62
p136,4,52,26,-34,48,22,-38,-26,-86,-60
p137,-11,5,-4,76,16,7,87,-9,71,80
p138,-3,20,16,11,23,19,14,-4,-9,-5
p139,-9,-5,-11,28,4,-2,37,-6,33,39
p14,12.5,-10,9,48,-22.5,-3.5,35.5,19,58,39
p140,0,-20,-4,4,-20,-4,4,16,24,8
p141,-1,-18,-7,-42,-17,-6,-41,11,-24,-35
p142,-10.5,36,-12,58,46.5,-1.5,68.5,-48,22,70
p143,2,-5,16,-130,-7,14,-132,21,-125,-146
p144,-28,31,-9,-54,59,19,-26,-40,-85,-45
p145,24,-4,33,32,-28,9,8,37,36,-1
p146,19,67,44,123,48,25,104,-23,56,79
p147,25,8,44,114,-17,19,89,36,106,70
p148,-32,-14,-54,34,18,-22,66,-40,48,88
p149,-7,14,-23,186,21,-16,193,-37,172,209
p15,12,-11,9,20,-23,-3,8,20,31,11
p150,26,-1,14,-2,-27,-12,-28,15,-1,-16
p151,7,18,33,-14,11,26,-21,15,-32,-47
p152,6,-8,7,-1,-14,1,-7,15,7,-8
p153,-7,-41,-58,97,-34,-51,104,-17,138,155
p154,3,-16,2,-4,-19,-1,-7,18,12,-6
p155,-9,-24,-23,-27,-15,-14,-18,1,-3,-4
p156,17,-25,-2,25,-42,-19,8,23,50,27
p157,7,-2,-12,-4,-9,-19,-11,-10,-2,8
p158,8,4,10,-49,-4,2,-57,6,-53,-59
p159,-6,-30,-24,9,-24,-18,15,6,39,33
p16,4,-7,4,16,-11,0,12,11,23,12
p160,26,-26,1,-105,-52,-25,-131,27,-79,-106
p161,-4,5,18,10,9,22,14,13,5,-8
p162,13,10,30,-71,-3,17,-84,20,-81,-101
p163,-16,47,50,-45,63,66,-29,3,-92,-95
p164,0,-62,3,39,-62,3,39,65,101,36
p165,5,16,11,28,11,6,23,-5,12,17
p166,-1,-14,-24,61,-13,-23,62,-10,75,85
p167,3,2,16,11,-1,13,8,14,9,-5
p168,6,-24,29,166,-30,23,160,53,190,137
p169,5,38,44,63,33,39,58,6,25,19
p17,11,-35,-37,4,-46,-48,-7,-2,39,41
p170,5,-5,8,34,-10,3,29,13,39,26
p171,-16,-24,-24,-64,-8,-8,-48,0,-40,-40
p172,-5,-12,-6,57,-7,-1,62,6,69,63
p173,7,3,22,3,-4,15,-4,19,0,-19
p174,-12,5,-25,-9,17,-13,3,-30,-14,16
p175,-35,-5,-54,-163,30,-19,-128,-49,-158,-109
p176,-47,-32,-35,-25,15,12,22,-3,7,10
p177,14,36,27,17,22,13,3,-9,-19,-10
p178,-30,19,-24,-23,49,6,7,-43,-42,1
p179,2,-67,-72,-75,-69,-74,-77,-5,-8,-3
p18,51,-75,20,-79,-126,-31,-130,95,-4,-99
p180,18,-12,-9,138,-30,-27,120,3,150,147
p181,8,-17,-2,43,-25,-10,35,15,60,45
p182,-8,-2,15,-50,6,23,-42,17,-48,-65
p183,25,-17,24,63,-42,-1,38,41,80,39
p184,-12,-46,-25,-41,-34,-13,-29,21,5,-16
p185,19,-89,-11,30,-108,-30,11,78,119,41
p186,-15,4,10,70,19,25,85,6,66,60
p187,1,-31,4,24,-32,3,23,35,55,20
p188,5,14,5,55,9,0,50,-9,41,50
p189,13,-87,-12,-3,-100,-25,-16,75,84,9
p19,6,-59,-32,17,-65,-38,11,27,76,49
p190,15,-18,-3,-1,-33,-18,-16,15,17,2
p191,43,13,61,-83,-30,18,-126,48,-96,-144
p192,-8,-18,-1,-155,-10,7,-147,17,-137,-154
p193,-17,62,34,-26,79,51,-9,-28,-88,-60
p194,-17,21,-3,-12,38,14,5,-24,-33,-9
p195,43,11,29,-8,-32,-14,-51,18,-19,-37
p196,15,-3,-2,-118,-18,-17,-133,1,-115,-116
p197,-24,-7,-20,-58,17,4,-34,-13,-51,-38
p198,-22,-8,-38,-46,14,-16,-24,-30,-38,-8
p199,4,13,-8,-126,9,-12,-130,-21,-139,-118
p2,-3,3,-4,-15,6,-1,-12,-7,-18,-11
p20,-5,-2,-3,3,3,2,8,-1,5,6
p200,-14,40,-10,95,54,4,109,-50,55,105
p201,16,8,26,-58,-8,10,-74,18,-66,-84
p202,74,-106,37,133,-180,-37,59,143,239,96
p203,14,38,26,83,24,12,69,-12,45,57
p204,15,-7,-48,-65,-22,-63,-80,-41,-58,-17
p205,-26,25,-2,20,51,24,46,-27,-5,22
p206,-38,-5,-45,-206,33,-7,-168,-40,-201,-161
p207,45,55,41,57,10,-4,12,-14,2,16
p208,41,121,105,166,80,64,125,-16,45,61
p209,-16,-3,-12,-42,13,4,-26,-9,-39,-30
p21,-8,23,-2,-93,31,6,-85,-25,-116,-91
p210,15,33,70,-28,18,55,-43,37,-61,-98
p211,-14,-13,8,-159,1,22,-145,21,-146,-167
p212,-18,-10,-7,-138,8,11,-120,3,-128,-131
p213,-4,16,12,-8,20,16,-4,-4,-24,-20
p214,8,30,-9,-28,22,-17,-36,-39,-58,-19
p215,-6,-11,-17,-156,-5,-11,-150,-6,-145,-139
p216,7,67,26,27,60,19,20,-41,-40,1
p217,-46,54,-38,-7,100,8,39,-92,-61,31
p218,-21,0,-3,15,21,18,36,-3,15,18
p219,2,6,3,-47,4,1,-49,-3,-53,-50
p22,-18,-86,-60,-29,-68,-42,-11,26,57,31
p220,-9,-33,-21,-2,-24,-12,7,12,31,19
p221,0,1,2,-20,1,2,-20,1,-21,-22
p222,32,33,26,59,1,-6,27,-7,26,33
p223,-43,25,-21,41,68,22,84,-46,16,62
p224,-3.5,6,-13,-42,9.5,-9.5,-38.5,-19,-48,-29
p225,-33,-72,-72,-68,-39,-39,-35,0,4,4
p226,8,-10,-5,-69,-18,-13,-77,5,-59,-64
p227,-1,0,-1,-32,1,0,-31,-1,-32,-31
p228,24,16,25,9,-8,1,-15,9,-7,-16
p229,10,-15,16,-6,-25,6,-16,31,9,-22
p23,-67,21,-31,3,88,36,70,-52,-18,34
p230,8,-5,7,5,-13,-1,-3,12,10,-2
p231,16,-4,24,6,-20,8,-10,28,10,-18
p232,10,15,-6,20,5,-16,10,-21,5,26
p233,11,1,6,50,-10,-5,39,5,49,44
p234,11,-26,10,171,-37,-1,160,36,197,161
p235,3,-66,8,121,-69,5,118,74,187,113
p236,9,-59,-29,79,-68,-38,70,30,138,108
p237,22,-3,9,25,-25,-13,3,12,28,16
p238,9,1,15,-11,-8,6,-20,14,-12,-26
p239,3,31,8,25,28,5,22,-23,-6,17
p24,14,44,17,8,30,3,-6,-27,-36,-9
p240,41,-32,19,-5,-73,-22,-46,51,27,-24
p241,30,-32,-33,24,-62,-63,-6,-1,56,57
p242,-13,-13,-50,132,0,-37,145,-37,145,182
p243,-29,-27,-21,-191,2,8,-162,6,-164,-170
p244,-10,10,1,-181,20,11,-171,-9,-191,-182
p245,-25,4,-13,-134,29,12,-109,-17,-138,-121
p246,-21,-18,-9,37,3,12,58,9,55,46
p247,-5,1,-7,21,6,-2,26,-8,20,28
p248,36,-9,23,124,-45,-13,88,32,133,101
p249,33,23,-15,-84,-10,-48,-117,-38,-107,-69
p25,-2,77,43,221,79,45,223,-34,144,178
p250,19,-18,2,6,-37,-17,-13,20,24,4
p251,-4,-6,-16,-130,-2,-12,-126,-10,-124,-114
p252,10,-4,9,-43,-14,-1,-53,13,-39,-52
p253,57,87,49,-118,30,-8,-175,-38,-205,-167
p254,57,60,59,-144,3,2,-201,-1,-204,-203
p255,7,-27,-12,20,-34,-19,13,15,47,32
p256,67,30,68,55,-37,1,-12,38,25,-13
p257,14,-10,13,29,-24,-1,15,23,39,16
p258,79,37,82,191,-42,3,112,45,154,109
p259,12,-27,27,105,-39,15,93,54,132,78
p26,16,47,25,66,31,9,50,-22,19,41
p260,13,30,14,61,17,1,48,-16,31,47
p261,-2,-43,-33,-110,-41,-31,-108,10,-67,-77
p262,5,-5,-2,3,-10,-7,-2,3,8,5
p263,8,-17,8,-34,-25,0,-42,25,-17,-42
p264,39,11,38,-51,-28,-1,-90,27,-62,-89
p265,2,13,20,-149,11,18,-151,7,-162,-169
p266,-35,-3,-30,127,32,5,162,-27,130,157
p267,-60,-30,-75,-103,30,-15,-43,-45,-73,-28
p268,-10,49,24,-28,59,34,-18,-25,-77,-52
p269,-34,10,-33,84,44,1,118,-43,74,117
p27,4,15,2,-15,11,-2,-19,-13,-30,-17
p270,6,-2,5,55,-8,-1,49,7,57,50
p271,-6,-14,-13,8,-8,-7,14,1,22,21
p272,-6,40,17,21,46,23,27,-23,-19,4
p273,31,-44,36,160,-75,5,129,80,204,124
p274,40,-32,5,143,-72,-35,103,37,175,138
p275,5,11,7,87,6,2,82,-4,76,80
p276,-11,2,-4,-7,13,7,4,-6,-9,-3
p277,-26,22,-10,43,48,16,69,-32,21,53
p278,3,4,1,-6,1,-2,-9,-3,-10,-7
p279,-4,2,-2,-26,6,2,-22,-4,-28,-24
p28,4,42,-5,-45,38,-9,-49,-47,-87,-40
p280,-32,-27,-22,-17,5,10,15,5,10,5
p281,-6,-33,-18,-208,-27,-12,-202,15,-175,-190
p282,-43,-20,-40,-69,23,3,-26,-20,-49,-29
p283,29,-20,37,-8,-49,8,-37,57,12,-45
p284,50,-37,37,55,-87,-13,5,74,92,18
p285,-11,19,-15,23,30,-4,34,-34,4,38
p286,-7,8,-7,-25,15,0,-18,-15,-33,-18
p287,39,-30,21,73,-69,-18,34,51,103,52
p288,-15,-6,-20,3,9,-5,18,-14,9,23
p289,16,-23,0,-24,-39,-16,-40,23,-1,-24
p29,3,-1,5,22,-4,2,19,6,23,17
p290,-6,-50,-22,75,-44,-16,81,28,125,97
p291,-18,10,-14,19,28,4,37,-24,9,33
p292,16,4,19,-9,-12,3,-25,15,-13,-28
p293,-14,-16,0,19,-2,14,33,16,35,19
p294,-10,-8,-12,10,2,-2,20,-4,18,22
p295,9,-27,-6,24,-36,-15,15,21,51,30
p296,-47,-22,-50,128,25,-3,175,-28,150,178
p297,11,-8,19,41,-19,8,30,27,49,22
p298,24,31,42,-75,7,18,-99,11,-106,-117
p299,3,-16,-13,-104,-19,-16,-107,3,-88,-91
p3,-9,-7,-15,-41,2,-6,-32,-8,-34,-26
p30,14,20,7,20,6,-7,6,-13,0,13
p300,-50,24,-15,-143,74,35,-93,-39,-167,-128
p301,14,-20,-6,18,-34,-20,4,14,38,24
p302,-31,29,12,77,60,43,108,-17,48,65
p303,-5,-14,3,-82,-9,8,-77,17,-68,-85
p304,-6,-12,-12,-59,-6,-6,-53,0,-47,-47
p305,-16,22,-2,-186,38,14,-170,-24,-208,-184
p306,-40,-60,-47,-224,-20,-7,-184,13,-164,-177
p307,68,-25,48,122,-93,-20,54,73,147,74
p308,12,27,17,92,15,5,80,-10,65,75
p309,2,-72,-21,86,-74,-23,84,51,158,107
p31,-2,1,-11,86,3,-9,88,-12,85,97
p310,-13,-1,-53,-148,12,-40,-135,-52,-147,-95
p311,-21,-36,-44,-114,-15,-23,-93,-8,-78,-70
p312,-2,42,-8,2,44,-6,4,-50,-40,10
p313,26,-6,-6,-49,-32,-32,-75,0,-43,-43
p314,10,14,-18,18,4,-28,8,-32,4,36
p315,-9,-4,15,-169,5,24,-160,19,-165,-184
p316,-56,-31,-42,-44,25,14,12,-11,-13,-2
p317,30,-15,3,145,-45,-27,115,18,160,142
p318,-12,5,-19,-111,17,-7,-99,-24,-116,-92
p319,19,26,34,85,7,15,66,8,59,51
p32,62,-32,-4,70,-94,-66,8,28,102,74
p320,40,-51,38,84,-91,-2,44,89,135,46
p321,21,-50,13,-33,-71,-8,-54,63,17,-46
p322,47,-14,33,59,-61,-14,12,47,73,26
p323,-3,-28,-26,-13,-25,-23,-10,2,15,13
p324,18,-36,-17,-14,-54,-35,-32,19,22,3
p325,18,-57,4,127,-75,-14,109,61,184,123
p326,-37,-70,-21,-35,-33,16,2,49,35,-14
p327,-11,-59,-59,17,-48,-48,28,0,76,76
p328,18,1,26,28,-17,8,10,25,27,2
p329,-20,14,-18,43,34,2,63,-32,29,61
p33,0,-34,-5,94,-34,-5,94,29,128,99
p330,-13,8,-14,-44,21,-1,-31,-22,-52,-30
p331,-10,-10,-19,-15,0,-9,-5,-9,-5,4
p332,-25,38,-10,-83,63,15,-58,-48,-121,-73
p333,11,-2,17,95,-13,6,84,19,97,78
p334,-28,27,-35,-41,55,-7,-13,-62,-68,-6
p335,20,-32,-10,-53,-52,-30,-73,22,-21,-43
p336,12,69,68,2,57,56,-10,-1,-67,-66
p337,10,45,25,12,35,15,2,-20,-33,-13
p338,6,7,13,16,1,7,10,6,9,3
p339,-8,112,111,-34,120,119,-26,-1,-146,-145
p34,73,56,81,195,-17,8,122,25,139,114
p340,-6,60,14,-15,66,20,-9,-46,-75,-29
p341,-38,51,9,-22,89,47,16,-42,-73,-31
p342,1,-11,6,-2,-12,5,-3,17,9,-8
p343,29,85,67,76,56,38,47,-18,-9,9
p344,18,-1,-3,30,-19,-21,12,-2,31,33
p345,19,23,28,18,4,9,-1,5,-5,-10
p346,-10,-14,-25,-81,-4,-15,-71,-11,-67,-56
p347,5,21,8,-73,16,3,-78,-13,-94,-81
p348,14,-2,9,-5,-16,-5,-19,11,-3,-14
p349,19,4,17,-44,-15,-2,-63,13,-48,-61
p35,28,42,6,166,14,-22,138,-36,124,160
p350,0,-3,-8,-159,-3,-8,-159,-5,-156,-151
p351,0,-2,2,-69,-2,2,-69,4,-67,-71
p352,15,12,5,-52,-3,-10,-67,-7,-64,-57
p353,-2,11,5,-60,13,7,-58,-6,-71,-65
p354,18,-73,-24,44,-91,-42,26,49,117,68
p355,-14,-34,-30,-25,-20,-16,-11,4,9,5
p356,14,-33,-17,31,-47,-31,17,16,64,48
p357,-5,8,-12,-38,13,-7,-33,-20,-46,-26
p358,-1,3,25,19,4,26,20,22,16,-6
p359,42,-2,44,-43,-44,2,-85,46,-41,-87
p36,11,22,39,182,11,28,171,17,160,143
p360,-61,-4,-44,-27,57,17,34,-40,-23,17
p361,-31,58,72,279,89,103,310,14,221,207
p362,-5,5,-19,50,10,-14,55,-24,45,69
p363,29,21,-1,72,-8,-30,43,-22,51,73
p364,-17,1,-3,-46,18,14,-29,-4,-47,-43
p365,-7,-5,-10,-34,2,-3,-27,-5,-29,-24
p366,-12,-21,-22,-19,-9,-10,-7,-1,2,3
p367,-7,13,-13,-26,20,-6,-19,-26,-39,-13
p368,-3,20,-1,-7,23,2,-4,-21,-27,-6
p369,-2,18,12,20,20,14,22,-6,2,8
p37,-17,-25,-17,90,-8,0,107,8,115,107
p370,-9,2,-10,75,11,-1,84,-12,73,85
p371,-10,-19,-12,-5,-9,-2,5,7,14,7
p372,-13,-36,-31,35,-23,-18,48,5,71,66
p373,-16,-18,-12,-16,-2,4,0,6,2,-4
p374,5,-40,0,1,-45,-5,-4,40,41,1
p375,14,12,21,-21,-2,7,-35,9,-33,-42
p376,-25,-70,-54,40,-45,-29,65,16,110,94
p377,-18,-26,-20,-30,-8,-2,-12,6,-4,-10
p378,-24,22,-26,-60,46,-2,-36,-48,-82,-34
p379,-14,-5,-3,-30,9,11,-16,2,-25,-27
p38,-13,68,75,227,81,88,240,7,159,152
p380,2,-22,6,65,-24,4,63,28,87,59
p381,-16,26,-20,129,42,-4,145,-46,103,149
p382,16,14,32,183,-2,16,167,18,169,151
p383,57,55,145,160,-2,88,103,90,105,15
p384,8,45,40,-63,37,32,-71,-5,-108,-103
p385,-33,20,-34,-121,53,-1,-88,-54,-141,-87
p386,-16,19,-16,-75,35,0,-59,-35,-94,-59
p387,-10,-6,-7,-23,4,3,-13,-1,-17,-16
p388,-45,22,-33,-37,67,12,8,-55,-59,-4
p389,-11,-1,-8,-67,10,3,-56,-7,-66,-59
p39,-17,14,-7,63,31,10,80,-21,49,70
p390,-1,14,8,-60,15,9,-59,-6,-74,-68
p391,-12,10,-5,-125,22,7,-113,-15,-135,-120
p392,11,27,3,10,16,-8,-1,-24,-17,7
p393,-12,-42,5,-24,-30,17,-12,47,18,-29
p394,25,28,32,8,3,7,-17,4,-20,-24
p395,-20,9,-26,-32,29,-6,-12,-35,-41,-6
p396,79,4,70,87,-75,-9,8,66,83,17
p397,-4,11,1,23,15,5,27,-10,12,22
p398,16,11,8,59,-5,-8,43,-3,48,51
p399,-21,3,-21,46,24,0,67,-24,43,67
p4,-35,20,-20,-53,55,15,-18,-40,-73,-33
p40,-22,-18,-24,-14,4,-2,8,-6,4,10
p400,4,-21,-7,-27,-25,-11,-31,14,-6,-20
p401,20,21,24,9,1,4,-11,3,-12,-15
p402,-8,-18,-32,40,-10,-24,48,-14,58,72
p403,-19,17,-9,10,36,10,29,-26,-7,19
p404,-11,-16,-25,33,-5,-14,44,-9,49,58
p405,7,3,-4,-15,-4,-11,-22,-7,-18,-11
p406,18,18,24,70,0,6,52,6,52,46
p407,20,3,21,-14,-17,1,-34,18,-17,-35
p408,22,-37,6,15,-59,-16,-7,43,52,9
p409,-10,17,8,-78,27,18,-68,-9,-95,-86
p41,19,-26,19,52,-45,0,33,45,78,33
p410,-26,45,0,60,71,26,86,-45,15,60
p411,-83,14,-79,-89,97,4,-6,-93,-103,-10
p412,1,9,-1,-46,8,-2,-47,-10,-55,-45
p413,-21,-10,-36,-59,11,-15,-38,-26,-49,-23
p414,28,52,21,24,24,-7,-4,-31,-28,3
p415,-25,3,2,12,28,27,37,-1,9,10
p416,-9,3,17,3,12,26,12,14,0,-14
p417,3,12,9,-47,9,6,-50,-3,-59,-56
p418,-39,-22,-27,-98,17,12,-59,-5,-76,-71
p419,-28,-12,-34,-26,16,-6,2,-22,-14,8
p42,-28,0,-26,-31,28,2,-3,-26,-31,-5
p420,-37,2,-39,49,39,-2,86,-41,47,88
p421,-38,10,-40,-86,48,-2,-48,-50,-96,-46
p422,-45,-13,-25,9,32,20,54,-12,22,34
p423,-66,3,-55,-83,69,11,-17,-58,-86,-28
p424,15,32,35,-52,17,20,-67,3,-84,-87
p425,-38,-33,-42,-88,5,-4,-50,-9,-55,-46
p426,-22,-5,-1,-79,17,21,-57,4,-74,-78
p427,8,-25,16,73,-33,8,65,41,98,57
p428,4,0,1,16,-4,-3,12,1,16,15
p429,-16,-10,-10,39,6,6,55,0,49,49
p43,83,-32,104,29,-115,21,-54,136,61,-75
p430,-11,-19,-12,-4,-8,-1,7,7,15,8
p431,-1,-3,3,25,-2,4,26,6,28,22
p432,-5,-4,-2,-3,1,3,2,2,1,-1
p433,1,2,6,-8,1,5,-9,4,-10,-14
p434,1,-6,1,-8,-7,0,-9,7,-2,-9
p435,-5,-8,-3,5,-3,2,10,5,13,8
p436,-11,4,-12,-11,15,-1,0,-16,-15,1
p437,1,3,-5,-5,2,-6,-6,-8,-8,0
p438,-1,0,0,0,1,1,1,0,0,0
p439,3,-4,-5,-5,-7,-8,-8,-1,-1,0
p44,-8,2,-32,16,10,-24,24,-34,14,48
p440,-5,3,2,8,8,7,13,-1,5,6
p441,10,5,-3,-4,-5,-13,-14,-8,-9,-1
p442,-7,-12,1,-13,-5,8,-6,13,-1,-14
p443,8,5,7,34,-3,-1,26,2,29,27
p444,-24,-12,-17,-20,12,7,4,-5,-8,-3
p445,6,-1,3,8,-7,-3,2,4,9,5
p446,-1,0,0,21,1,1,22,0,21,21
p447,-1,3,-3,9,4,-2,10,-6,6,12
p448,-3,4,-3,-2,7,0,1,-7,-6,1
p449,2,-19,1,-8,-21,-1,-10,20,11,-9
p45,76,13,49,89,-63,-27,13,36,76,40
p450,4,8,1,36,4,-3,32,-7,28,35
p451,5,-12,-8,-60,-17,-13,-65,4,-48,-52
p452,-4,-15,-32,121,-11,-28,125,-17,136,153
p453,-15,-27,-38,54,-12,-23,69,-11,81,92
p454,26,-4,22,55,-30,-4,29,26,59,33
p455,10,5,6,-47,-5,-4,-57,1,-52,-53
p456,1,-3,-3,-4,-4,-4,-5,0,-1,-1
p457,-9,-4,-8,-17,5,1,-8,-4,-13,-9
p458,-14,3,4,-55,17,18,-41,1,-58,-59
p459,26,-23,32,67,-49,6,41,55,90,35
p46,-26,-30,-32,-66,-4,-6,-40,-2,-36,-34
p460,8,-6,5,18,-14,-3,10,11,24,13
p461,8,-10,6,12,-18,-2,4,16,22,6
p462,1,-7,1,27,-8,0,26,8,34,26
p463,6,-22,0,-12,-28,-6,-18,22,10,-12
p464,5,-10,-1,-6,-15,-6,-11,9,4,-5
p465,8,-2,8,-12,-10,0,-20,10,-10,-20
p466,27,3,26,-17,-24,-1,-44,23,-20,-43
p467,16,6,10,32,-10,-6,16,4,26,22
p468,-8,-29,-15,6,-21,-7,14,14,35,21
p469,-6,-41,-41,1,-35,-35,7,0,42,42
p47,-10,6,-8,8,16,2,18,-14,2,16
p470,-4,-78,-51,82,-74,-47,86,27,160,133
p471,1,0,20,-97,-1,19,-98,20,-97,-117
p472,-20,-27,4,-63,-7,24,-43,31,-36,-67
p473,-8,-19,10,25,-11,18,33,29,44,15
p474,-42,-3,-61,-65,39,-19,-23,-58,-62,-4
p475,-1,36,-11,-167,37,-10,-166,-47,-203,-156
p476,-59,2,-70,-35,61,-11,24,-72,-37,35
p477,-37,-11,-24,-18,26,13,19,-13,-7,6
p478,-31,16,1,-102,47,32,-71,-15,-118,-103
p479,-8,53,35,137,61,43,145,-18,84,102
p48,20,18,15,42,-2,-5,22,-3,24,27
p480,13,-43,-18,60,-56,-31,47,25,103,78
p481,56,-8,40,130,-64,-16,74,48,138,90
p482,11,-5,11,4,-16,0,-7,16,9,-7
p483,9,7,10,-19,-2,1,-28,3,-26,-29
p484,35,-55,3,7,-90,-32,-28,58,62,4
p485,-4,-16,-14,-43,-12,-10,-39,2,-27,-29
p486,29,4,24,-51,-25,-5,-80,20,-55,-75
p487,-19,27,7,18,46,26,37,-20,-9,11
p488,15,23,0,54,8,-15,39,-23,31,54
p489,14.5,-12,8,-6,-26.5,-6.5,-20.5,20,6,-14
p49,4,-6,-3,-9,-10,-7,-13,3,-3,-6
p490,15,-33,-3,-61,-48,-18,-76,30,-28,-58
p491,4,2,13,0,-2,9,-4,11,-2,-13
p492,17,7,76,79,-10,59,62,69,72,3
p493,-14,23,-14,128,37,0,142,-37,105,142
p494,0,10,-9,73,10,-9,73,-19,63,82
p495,16,-18,10,1,-34,-6,-15,28,19,-9
p496,-14,-35,-27,-26,-21,-13,-12,8,9,1
p497,-4,19,20,-16,23,24,-12,1,-35,-36
p498,36,-37,-18,51,-73,-54,15,19,88,69
p499,-3,-56,-35,18,-53,-32,21,21,74,53
p5,-19,4,-21,132,23,-2,151,-25,128,153
p50,33,8,19,37,-25,-14,4,11,29,18
p500,30,-21,-3,67,-51,-33,37,18,88,70
p501,53,42,54,-104,-11,1,-157,12,-146,-158
p502,61,5,98,129,-56,37,68,93,124,31
p503,27,21,44,125,-6,17,98,23,104,81
p504,49,6,81,94,-43,32,45,75,88,13
p505,22,28,23,98,6,1,76,-5,70,75
p506,-9,-55,-43,26,-46,-34,35,12,81,69
p507,22,-4,-27,-41,-26,-49,-63,-23,-37,-14
p508,19,-18,21,-50,-37,2,-69,39,-32,-71
p509,-39,-6,-23,27,33,16,66,-17,33,50
p51,-16,-45,-52,40,-29,-36,56,-7,85,92
p510,-20,6,7,100,26,27,120,1,94,93
p511,5,-19,-17,49,-24,-22,44,2,68,66
p512,17,-19,13,93,-36,-4,76,32,112,80
p513,-7,13,-4,139,20,3,146,-17,126,143
p514,18,3,10,-26,-15,-8,-44,7,-29,-36
p515,31,-14,4,18,-45,-27,-13,18,32,14
p516,-5,-11,2,16,-6,7,21,13,27,14
p517,6,1,1,-28,-5,-5,-34,0,-29,-29
p518,0,11,16,-95,11,16,-95,5,-106,-111
p519,-2,9,28,71,11,30,73,19,62,43
p52,46,31,36,0,-15,-10,-46,5,-31,-36
p520,-11,58,-9,-22,69,2,-11,-67,-80,-13
p521,-37,48,-12,-41,85,25,-4,-60,-89,-29
p522,-37,71,-2,-58,108,35,-21,-73,-129,-56
p523,16,23,10,4,7,-6,-12,-13,-19,-6
p524,3,-8,-14,19,-11,-17,16,-6,27,33
p525,-17,-16,-36,-125,1,-19,-108,-20,-109,-89
p526,-2,-5,23,-6,-3,25,-4,28,-1,-29
p527,-34,9,0,-83,43,34,-49,-9,-92,-83
p528,11,18,26,27,7,15,16,8,9,1
p529,-1,4,-30,-127,5,-29,-126,-34,-131,-97
p53,-18,-13,-34,-116,5,-16,-98,-21,-103,-82
p530,18,-12,50,27,-30,32,9,62,39,-23
p531,-3,36,19,-64,39,22,-61,-17,-100,-83
p532,-21,-7,-11,-102,14,10,-81,-4,-95,-91
p533,-22,9,-14,-77,31,8,-55,-23,-86,-63
p534,-23,-7,-34,-112,16,-11,-89,-27,-105,-78
p535,40,34,35,-68,-6,-5,-108,1,-102,-103
p536,34,5,-1,-92,-29,-35,-126,-6,-97,-91
p537,-5,-13,-57,-77,-8,-52,-72,-44,-64,-20
p538,9,8,7,44,-1,-2,35,-1,36,37
p539,8,53,27,84,45,19,76,-26,31,57
p54,-23,-2,-20,-56,21,3,-33,-18,-54,-36
p540,4,59,29,-40,55,25,-44,-30,-99,-69
p541,5,-2,2,5,-7,-3,0,4,7,3
p542,15,16,30,24,1,15,9,14,8,-6
p543,1,-1,31,30,-2,30,29,32,31,-1
p544,5,-16,-5,-19,-21,-10,-24,11,-3,-14
p545,9,9,11,10,0,2,1,2,1,-1
p546,22,-20,22,16,-42,0,-6,42,36,-6
p547,16,-8,9,-36,-24,-7,-52,17,-28,-45
p548,-47,16,-60,-59,63,-13,-12,-76,-75,1
p549,6,28,16,10,22,10,4,-12,-18,-6
p55,21,14,38,39,-7,17,18,24,25,1
p550,-39,6,-33,-83,45,6,-44,-39,-89,-50
p551,-111,37,-103,41,148,8,152,-140,4,144
p552,11,-23,9,-20,-34,-2,-31,32,3,-29
p553,-19,-24,12,-13,-5,31,6,36,11,-25
p554,-15,9,-15,50,24,0,65,-24,41,65
p555,-29,-13,-28,-108,16,1,-79,-15,-95,-80
p556,14,2,28,-35,-12,14,-49,26,-37,-63
p557,-13,15,-20,-15,28,-7,-2,-35,-30,5
p558,-12,41,-5,14,53,7,26,-46,-27,19
p559,-30,22,-23,39,52,7,69,-45,17,62
p56,-15,104,59,308,119,74,323,-45,204,249
p560,-31,-9,-21,3,22,10,34,-12,12,24
p561,-17,5,5,-82,22,22,-65,0,-87,-87
p562,-36,-15,-29,-11,21,7,25,-14,4,18
p563,-33,-1,-37,-289,32,-4,-256,-36,-288,-252
p564,-42,-25,-61,-144,17,-19,-102,-36,-119,-83
p565,-37,17,-52,-29,54,-15,8,-69,-46,23
p566,-9,0,-39,-59,9,-30,-50,-39,-59,-20
p567,-29,-17,-34,-217,12,-5,-188,-17,-200,-183
p568,-13,-12,-31,103,1,-18,116,-19,115,134
p569,-56,29,-35,-40,85,21,16,-64,-69,-5
p57,5,37,4,31,32,-1,26,-33,-6,27
p570,8,28,-3,147,20,-11,139,-31,119,150
p571,-16,1,-16,63,17,0,79,-17,62,79
p572,-16,-12,-23,-138,4,-7,-122,-11,-126,-115
p573,-33,5,-3,-16,38,30,17,-8,-21,-13
p574,-71,9,-83,-62,80,-12,9,-92,-71,21
p575,-59,-9,-30,-155,50,29,-96,-21,-146,-125
p576,-7,-23,-22,3,-16,-15,10,1,26,25
p577,19,-2,21,-72,-21,2,-91,23,-70,-93
p578,-41,-17,-33,-42,24,8,-1,-16,-25,-9
p579,-49,16,-37,-19,65,12,30,-53,-35,18
p58,-10,-4,-12,-36,6,-2,-26,-8,-32,-24
p580,-12,45,26,-6,57,38,6,-19,-51,-32
p581,-47,-18,-50,-20,29,-3,27,-32,-2,30
p582,-29,30,-25,-110,59,4,-81,-55,-140,-85
p583,22,-17,16,-108,-39,-6,-130,33,-91,-124
p584,-14,-18,-25,1,-4,-11,15,-7,19,26
p585,-75,-15,-64,-93,60,11,-18,-49,-78,-29
p586,-98,-10,-52,6,88,46,104,-42,16,58
p587,-26,-16,-20,-30,10,6,-4,-4,-14,-10
p588,-75,27,-39,-143,102,36,-68,-66,-170,-104
p589,-79,8,-81,5,87,-2,84,-89,-3,86
p59,9,17,-3,-35,8,-12,-44,-20,-52,-32
p590,-13,7,-20,-183,20,-7,-170,-27,-190,-163
p591,23,17,6,15,-6,-17,-8,-11,-2,9
p592,28,49,12,-2,21,-16,-30,-37,-51,-14
p593,30,-30,-17,-20,-60,-47,-50,13,10,-3
p594,-57,33,-42,-17,90,15,40,-75,-50,25
p595,-47,33,-59,-26,80,-12,21,-92,-59,33
p596,-83,-27,-45,-83,56,38,0,-18,-56,-38
p597,-37,12,-51,-32,49,-14,5,-63,-44,19
p598,-51,17,-44,44,68,7,95,-61,27,88
p599,-30,12,-33,-26,42,-3,4,-45,-38,7
p6,13,20,31,12,7,18,-1,11,-8,-19
p60,-1,3,4,35,4,5,36,1,32,31
p600,-4,-24,-26,105,-20,-22,109,-2,129,131
p601,-1,1,-15,-123,2,-14,-122,-16,-124,-108
p602,58,31,47,68,-27,-11,10,16,37,21
p603,15,18,13,-10,3,-2,-25,-5,-28,-23
p604,-24,-43,-53,-138,-19,-29,-114,-10,-95,-85
p605,-17,-9,-36,-73,8,-19,-56,-27,-64,-37
p606,-23,-65,-47,-76,-42,-24,-53,18,-11,-29
p607,1,-43,-22,0,-44,-23,-1,21,43,22
p608,39,29,34,-18,-10,-5,-57,5,-47,-52
p609,-14,-24,-42,-58,-10,-28,-44,-18,-34,-16
p61,-1,1,-6,95,2,-5,96,-7,94,101
p610,-33,-61,-51,-114,-28,-18,-81,10,-53,-63
p611,26,-24,-13,49,-50,-39,23,11,73,62
p612,-25,-44,-36,-17,-19,-11,8,8,27,19
p613,27,-5,32,43,-32,5,16,37,48,11
p614,45,14,34,-25,-31,-11,-70,20,-39,-59
p615,2,25,14,4,23,12,2,-11,-21,-10
p616,31,-6,-5,100,-37,-36,69,1,106,105
p617,25,-14,1,-19,-39,-24,-44,15,-5,-20
p618,0,-2,10,-30,-2,10,-30,12,-28,-40
p619,46,-6,29,15,-52,-17,-31,35,21,-14
p62,0,4,2,65,4,2,65,-2,61,63
p620,30,7,20,-60,-23,-10,-90,13,-67,-80
p621,-3,-36,-24,-71,-33,-21,-68,12,-35,-47
p622,20,2,-13,61,-18,-33,41,-15,59,74
p623,2,-29,-3,-30,-31,-5,-32,26,-1,-27
p624,3,-32,-3,-58,-35,-6,-61,29,-26,-55
p625,-22,-24,-28,-108,-2,-6,-86,-4,-84,-80
p626,-49,-19,-47,6,30,2,55,-28,25,53
p627,-4,-14,-14,-31,-10,-10,-27,0,-17,-17
p628,57,-5,35,77,-62,-22,20,40,82,42
p629,24,-27,-22,-98,-51,-46,-122,5,-71,-76
p63,16,14,13,57,-2,-3,41,-1,43,44
p630,12,-17,1,56,-29,-11,44,18,73,55
p631,22,-33,-3,33,-55,-25,11,30,66,36
p632,-2,-13,-6,-69,-11,-4,-67,7,-56,-63
p633,-10,-48,-22,58,-38,-12,68,26,106,80
p634,16,-3,-1,87,-19,-17,71,2,90,88
p635,18,4,44,178,-14,26,160,40,174,134
p636,34,-33,-12,8,-67,-46,-26,21,41,20
p637,-4,-10,3,146,-6,7,150,13,156,143
p638,38,3,47,46,-35,9,8,44,43,-1
p639,-2,-16,-7,51,-14,-5,53,9,67,58
p64,6,-51,-16,48,-57,-22,42,35,99,64
p640,1,-9,-2,39,-10,-3,38,7,48,41
p641,0,-46,-9,-85,-46,-9,-85,37,-39,-76
p642,10,-17,-1,54,-27,-11,44,16,71,55
p643,54,36,25,12,-18,-29,-42,-11,-24,-13
p644,25,-19,4,30,-44,-21,5,23,49,26
p645,29,-3,7,10,-32,-22,-19,10,13,3
p646,20,2,13,-71,-18,-7,-91,11,-73,-84
p647,-18,-14,-18,96,4,0,114,-4,110,114
p648,-1,-23,-20,-76,-22,-19,-75,3,-53,-56
p65,-6,-24,-11,33,-18,-5,39,13,57,44
p66,-6,-12,6,-5,-6,12,1,18,7,-11
p67,-33,-17,-23,-60,16,10,-27,-6,-43,-37
p68,55,33,62,65,-22,7,10,29,32,3
p69,2,22,7,-6,20,5,-8,-15,-28,-13
p7,8,12,10,1,4,2,-7,-2,-11,-9
p70,6,-10,6,-15,-16,0,-21,16,-5,-21
p71,0,-24,-39,-112,-24,-39,-112,-15,-88,-73
p72,23,14,51,27,-9,28,4,37,13,-24
p73,48,27,19,-47,-21,-29,-95,-8,-74,-66
p74,-29,20,-35,-3,49,-6,26,-55,-23,32
p75,-33,-20,-46,-65,13,-13,-32,-26,-45,-19
p76,0,5,-4,-36,5,-4,-36,-9,-41,-32
p77,-23,-20,-27,20,3,-4,43,-7,40,47
p78,6,-37,-9,-34,-43,-15,-40,28,3,-25
p79,-15,-23,-27,-26,-8,-12,-11,-4,-3,1
p8,1,-11,-15,-63,-12,-16,-64,-4,-52,-48
p80,-35,-37,-65,-59,-2,-30,-24,-28,-22,6
p81,9,2,6,16,-7,-3,7,4,14,10
p82,-4,-43,-13,91,-39,-9,95,30,134,104
p83,20,19,53,97,-1,33,77,34,78,44
p84,38,-28,32,-25,-66,-6,-63,60,3,-57
p85,6,-71,2,7,-77,-4,1,73,78,5
p86,24,1,8,-62,-23,-16,-86,7,-63,-70
p87,-2,-31,20,-81,-29,22,-79,51,-50,-101
p88,74,12,107,88,-62,33,14,95,76,-19
p89,-19,3,-28,-36,22,-9,-17,-31,-39,-8
p9,-29,-5,-6,78,24,23,107,-1,83,84
p90,13,5,20,-96,-8,7,-109,15,-101,-116
p91,-33,-27,-41,74,6,-8,107,-14,101,115
p92,75,-10,22,160,-85,-53,85,32,170,138
p93,57,59,68,167,2,11,110,9,108,99
p94,6,-30,-4,15,-36,-10,9,26,45,19
p95,0,28,4,-60,28,4,-60,-24,-88,-64
p96,45,27,69,20,-18,24,-25,42,-7,-49
p97,3,17,23,51,14,20,48,6,34,28
p98,-23,90,47,12,113,70,35,-43,-78,-35
p99,-1,52,34,67,53,35,68,-18,15,33
